,Appliances,lights,T1,RH_1,T2,RH_2,T3,RH_3,T4,RH_4,T5,RH_5,T6,RH_6,T7,RH_7,T8,RH_8,T9,RH_9,T_out,Press_mm_hg,RH_out,Windspeed,Visibility,Tdewpoint,rv1,rv2
Appliances,1.0,0.28439251439837554,0.1244913804567493,0.1510329819173588,0.10858096441609931,0.10744276962578288,0.19503256226980137,0.13553854982004207,0.0354684329497993,0.12307771902658679,0.06177448285278649,0.14559775763180186,0.013984259168252576,0.022093043567392178,0.03815044420618052,0.08481195514347901,0.09159072068286779,0.13458908589383106,0.009546801441865841,0.14363581419953939,0.00711089437249802,-0.12773637183506986,0.06582741530561442,0.1218605786418949,-0.016710850187733176,0.043719717589452485,-0.039379014961352134,-0.039379014961352134
lights,0.28439251439837554,1.0,-0.2105044070680086,0.2164765343023228,-0.16268630819299035,0.1827349938072689,-0.2764681669055574,0.35853850332064063,-0.213876384869442,0.2720036576982653,-0.26131176663491384,0.3468670679256234,-0.26164277714775513,0.44508829388878257,-0.3582235193828413,0.21431801874356446,-0.31133251823686386,0.27694998833352363,-0.36283000200161897,0.2376656678288517,-0.2462825168032659,-0.13640070524141096,0.3498938002368765,0.24483496215255068,0.1988190987055647,-0.11318387146009432,0.07055787269659412,0.07055787269659412
T1,0.1244913804567493,-0.2105044070680086,1.0,0.2032946747937303,0.9244777056125882,0.08226035727964756,0.9508679043902744,-0.04002890860331844,0.9307555972842808,0.09732202568453467,0.9407122725184419,-0.12051590776064557,0.7937282502497314,-0.6844914410679285,0.8917568746622699,0.2043992367388394,0.8608099084407591,0.06632060349800081,0.9198978877059939,0.16208185346537393,0.7849330248972165,-0.15833882639984823,-0.4557107533989126,-0.128389379852106,-0.21258441364505784,0.6648285938669704,-0.03944715531998456,-0.03944715531998456
RH_1,0.1510329819173588,0.2164765343023228,0.2032946747937303,1.0,0.34982582025243264,0.9075537994611526,0.26791270853505894,0.899762644870473,0.12244361230372058,0.9403083629203156,0.2306204283880348,0.5969663076774827,0.4031408800476254,0.27545644125751495,0.03260302096091509,0.8970997780427102,-0.03986710851063211,0.8889792362200487,0.11731264380851038,0.8989135375514109,0.42549620456994947,-0.33383743645635233,0.3984342305337382,0.30138284301492557,-0.07460138711259416,0.6833746525567241,-0.029945082082626695,-0.029945082082626695
T2,0.10858096441609931,-0.16268630819299035,0.9244777056125882,0.34982582025243264,1.0,0.09611861512002882,0.8704588791445245,0.17255289121541176,0.8530919115535411,0.27850199346827365,0.8533838206513708,0.02552386210305794,0.8357228065315662,-0.5576411629110358,0.7747606944554845,0.39581646137482096,0.6854945543127811,0.2729962976533603,0.7999443697186837,0.34498657034518676,0.8394867486564345,-0.16159154421367997,-0.45481756135102924,-0.056548255882684535,-0.1931627743018819,0.7172847530679302,-0.09157906063880046,-0.09157906063880046
RH_2,0.10744276962578288,0.1827349938072689,0.08226035727964756,0.9075537994611526,0.09611861512002882,1.0,0.17904108171623068,0.7644305470538302,0.013220734865861755,0.8314006192448111,0.14867184555459742,0.5019404272756082,0.271662228064624,0.28342828270383535,-0.023117518019688848,0.7528678235781512,-0.04138244646358279,0.7402904040134956,0.07290707404825723,0.7605806108094455,0.28507019747707757,-0.3122331014342308,0.5201913171328542,0.2746409219241169,-0.05693629016906416,0.5955567598913255,0.019187103538456502,0.019187103538456502
T3,0.19503256226980137,-0.2764681669055574,0.9508679043902744,0.26791270853505894,0.8704588791445245,0.17904108171623068,1.0,-0.04259540759094697,0.9086432275529539,0.1192947024475819,0.9414584477414976,-0.13560482445789326,0.8368736465402911,-0.7323480524688099,0.8885597216345489,0.20702848514817593,0.8520064420262392,0.0721670022663205,0.9364264509381404,0.15931355627060567,0.8184323180131987,-0.18285663423962825,-0.43263933802519405,-0.14172241665269003,-0.2520734030349434,0.7189054689173727,-0.04997560603575817,-0.04997560603575817
RH_3,0.13553854982004207,0.35853850332064063,-0.04002890860331844,0.899762644870473,0.17255289121541176,0.7644305470538302,-0.04259540759094697,1.0,-0.1545734571758125,0.9440575858966368,-0.06529560833420969,0.7119072528096916,0.1340848597230483,0.5615867381753787,-0.26525458731707685,0.8903602513125822,-0.3338925740533169,0.9302982153364192,-0.21354457999876672,0.9244104365863273,0.17465636661430872,-0.26545245897373376,0.4808334757583368,0.3947015297895467,0.013524630930511684,0.4320458565748187,-0.047939682267711926,-0.047939682267711926
T4,0.0354684329497993,-0.213876384869442,0.9307555972842808,0.12244361230372058,0.8530919115535411,0.013220734865861755,0.9086432275529539,-0.1545734571758125,1.0,-0.052720558472872735,0.921382472962971,-0.19890558334831152,0.7550009971483498,-0.767167324747903,0.9193768475601998,0.08078266462873664,0.8464518018698295,-0.06304446247263513,0.9296732822050996,0.017685259931056505,0.7399359329106813,-0.07690739933398182,-0.5320379873044608,-0.2580919574925103,-0.246304534735513,0.5781924833521195,-0.019782454823240717,-0.019782454823240717
RH_4,0.12307771902658679,0.2720036576982653,0.09732202568453467,0.9403083629203156,0.27850199346827365,0.8314006192448111,0.1192947024475819,0.9440575858966368,-0.052720558472872735,1.0,0.08332899234902405,0.6443096306746566,0.3141951200741604,0.4232392814435071,-0.13504042739581956,0.9390064042493265,-0.1940805146950008,0.9450513777938749,-0.05550218165412825,0.9443456462592523,0.3474091988322563,-0.27365962174659403,0.4598520423706024,0.4110053337121742,0.003932360865222725,0.6199256516069891,-0.03451571026148486,-0.03451571026148486
T5,0.06177448285278649,-0.26131176663491384,0.9407122725184419,0.2306204283880348,0.8533838206513708,0.14867184555459742,0.9414584477414976,-0.06529560833420969,0.921382472962971,0.08332899234902405,1.0,-0.17224068284833305,0.7790038700478222,-0.722507331902681,0.9152674469307841,0.17110011685242119,0.8729438638829445,0.026582757264296354,0.9492645078663339,0.11471595315413295,0.7663315313981243,-0.17238721107513075,-0.4409562432945863,-0.17945899013732558,-0.23252970101398557,0.653903000472046,-0.04654447603595579,-0.04654447603595579
RH_5,0.14559775763180186,0.3468670679256234,-0.12051590776064557,0.5969663076774827,0.02552386210305794,0.5019404272756082,-0.13560482445789326,0.7119072528096916,-0.19890558334831152,0.6443096306746566,-0.17224068284833305,1.0,-0.10188522162619744,0.5282896055142795,-0.2771119925576079,0.6079030897237991,-0.2629671769589447,0.6812446263347975,-0.2610416609309606,0.6414507603014119,-0.0732313429238716,-0.26133873967553245,0.42325438153694117,0.3087027682160977,0.011505400990459418,0.12093312873265359,-0.08190455098492093,-0.08190455098492093
T6,0.013984259168252576,-0.26164277714775513,0.7937282502497314,0.4031408800476254,0.8357228065315662,0.271662228064624,0.8368736465402911,0.1340848597230483,0.7550009971483498,0.3141951200741604,0.7790038700478222,-0.10188522162619744,1.0,-0.657207381251637,0.7143026049141017,0.42028168737497235,0.6159291328164471,0.2707757640323768,0.7819452861071142,0.346857576069858,0.9938971874480226,-0.14154558468019288,-0.4594745552399948,0.012971169956596348,-0.21894408494792317,0.8989668862357912,-0.143153566592169,-0.143153566592169
RH_6,0.022093043567392178,0.44508829388878257,-0.6844914410679285,0.27545644125751495,-0.5576411629110358,0.28342828270383535,-0.7323480524688099,0.5615867381753787,-0.767167324747903,0.4232392814435071,-0.722507331902681,0.5282896055142795,-0.657207381251637,1.0,-0.819594394632448,0.32229841585411684,-0.7632492618030157,0.4721809911244095,-0.8190122928111472,0.3833943485308444,-0.6240417590976427,-0.0835661887801437,0.7752174080107209,0.2996770454749655,0.255215487479981,-0.33724801366437424,0.055250702863336644,0.055250702863336644
T7,0.03815044420618052,-0.3582235193828413,0.8917568746622699,0.03260302096091509,0.7747606944554845,-0.023117518019688848,0.8885597216345489,-0.26525458731707685,0.9193768475601998,-0.13504042739581956,0.9152674469307841,-0.2771119925576079,0.7143026049141017,-0.819594394632448,1.0,-0.011217571459031702,0.9144853057960323,-0.20219129308360387,0.964583641170049,-0.07347752757497455,0.6958618506257486,-0.08597060448649319,-0.562927194611105,-0.2722622891285374,-0.2710877153274695,0.5178800439023185,0.0021392701601912257,0.0021392701601912257
RH_7,0.08481195514347901,0.21431801874356446,0.2043992367388394,0.8970997780427102,0.39581646137482096,0.7528678235781512,0.20702848514817593,0.8903602513125822,0.08078266462873664,0.9390064042493265,0.17110011685242119,0.6079030897237991,0.42028168737497235,0.32229841585411684,-0.011217571459031702,1.0,-0.12292023562074415,0.9266280598830859,0.03174436400780195,0.9202681989741552,0.4511110251330003,-0.2901562612027121,0.34114450416609843,0.354726800357305,-0.06937194996708997,0.6742139286184704,-0.04285866841825039,-0.04285866841825039
T8,0.09159072068286779,-0.31133251823686386,0.8608099084407591,-0.03986710851063211,0.6854945543127811,-0.04138244646358279,0.8520064420262392,-0.3338925740533169,0.8464518018698295,-0.1940805146950008,0.8729438638829445,-0.2629671769589447,0.6159291328164471,-0.7632492618030157,0.9144853057960323,-0.12292023562074415,1.0,-0.23709892163110965,0.9235182967806905,-0.1513192110640128,0.5910818575994613,-0.15183853965305733,-0.45910543961716355,-0.2804565938410863,-0.18977052507902797,0.44906519389041444,-0.0038336713802742933,-0.0038336713802742933
RH_8,0.13458908589383106,0.27694998833352363,0.06632060349800081,0.8889792362200487,0.2729962976533603,0.7402904040134956,0.0721670022663205,0.9302982153364192,-0.06304446247263513,0.9450513777938749,0.026582757264296354,0.6812446263347975,0.2707757640323768,0.4721809911244095,-0.20219129308360387,0.9266280598830859,-0.23709892163110965,1.0,-0.12816024949600782,0.9214933204906031,0.303092143425518,-0.26584890674307604,0.4578536531154798,0.40886426283447636,0.02378338272511279,0.5633540696706449,-0.05904648852728239,-0.05904648852728239
T9,0.009546801441865841,-0.36283000200161897,0.9198978877059939,0.11731264380851038,0.7999443697186837,0.07290707404825723,0.9364264509381404,-0.21354457999876672,0.9296732822050996,-0.05550218165412825,0.9492645078663339,-0.2610416609309606,0.7819452861071142,-0.8190122928111472,0.964583641170049,0.03174436400780195,0.9235182967806905,-0.12816024949600782,1.0,-0.021630684923254543,0.7584405476684614,-0.14052084010372762,-0.4962759538690697,-0.2396701295893501,-0.2604829932960003,0.6222614721662815,-0.010122594982052075,-0.010122594982052075
RH_9,0.14363581419953939,0.2376656678288517,0.16208185346537393,0.8989135375514109,0.34498657034518676,0.7605806108094455,0.15931355627060567,0.9244104365863273,0.017685259931056505,0.9443456462592523,0.11471595315413295,0.6414507603014119,0.346857576069858,0.3833943485308444,-0.07347752757497455,0.9202681989741552,-0.1513192110640128,0.9214933204906031,-0.021630684923254543,1.0,0.38948735584141403,-0.20090937812737544,0.3531683000735665,0.4074209546017803,5.600357576929985e-05,0.6139876072145507,-0.08915093822961435,-0.08915093822961435
T_out,0.00711089437249802,-0.2462825168032659,0.7849330248972165,0.42549620456994947,0.8394867486564345,0.28507019747707757,0.8184323180131987,0.17465636661430872,0.7399359329106813,0.3474091988322563,0.7663315313981243,-0.0732313429238716,0.9938971874480226,-0.6240417590976427,0.6958618506257486,0.4511110251330003,0.5910818575994613,0.303092143425518,0.7584405476684614,0.38948735584141403,1.0,-0.13879993468054352,-0.4663678368178405,0.05749418441995567,-0.21177051899987262,0.9021382620681067,-0.14856159106711847,-0.14856159106711847
Press_mm_hg,-0.12773637183506986,-0.13640070524141096,-0.15833882639984823,-0.33383743645635233,-0.16159154421367997,-0.3122331014342308,-0.18285663423962825,-0.26545245897373376,-0.07690739933398182,-0.27365962174659403,-0.17238721107513075,-0.26133873967553245,-0.14154558468019288,-0.0835661887801437,-0.08597060448649319,-0.2901562612027121,-0.15183853965305733,-0.26584890674307604,-0.14052084010372762,-0.20090937812737544,-0.13879993468054352,1.0,-0.16283268714373836,-0.2738759942658281,0.12140991701046971,-0.23770595009078305,0.019489567795713925,0.019489567795713925
RH_out,0.06582741530561442,0.3498938002368765,-0.4557107533989126,0.3984342305337382,-0.45481756135102924,0.5201913171328542,-0.43263933802519405,0.4808334757583368,-0.5320379873044608,0.4598520423706024,-0.4409562432945863,0.42325438153694117,-0.4594745552399948,0.7752174080107209,-0.562927194611105,0.34114450416609843,-0.45910543961716355,0.4578536531154798,-0.4962759538690697,0.3531683000735665,-0.4663678368178405,-0.16283268714373836,1.0,0.11278733938435298,0.17351628289276816,-0.04411809551715097,0.1841518594010771,0.1841518594010771
Windspeed,0.1218605786418949,0.24483496215255068,-0.128389379852106,0.30138284301492557,-0.056548255882684535,0.2746409219241169,-0.14172241665269003,0.3947015297895467,-0.2580919574925103,0.4110053337121742,-0.17945899013732558,0.3087027682160977,0.012971169956596348,0.2996770454749655,-0.2722622891285374,0.354726800357305,-0.2804565938410863,0.40886426283447636,-0.2396701295893501,0.4074209546017803,0.05749418441995567,-0.2738759942658281,0.11278733938435298,1.0,-0.04826483000640768,0.13898951005454063,-0.12638287989584726,-0.12638287989584726
Visibility,-0.016710850187733176,0.1988190987055647,-0.21258441364505784,-0.07460138711259416,-0.1931627743018819,-0.05693629016906416,-0.2520734030349434,0.013524630930511684,-0.246304534735513,0.003932360865222725,-0.23252970101398557,0.011505400990459418,-0.21894408494792317,0.255215487479981,-0.2710877153274695,-0.06937194996708997,-0.18977052507902797,0.02378338272511279,-0.2604829932960003,5.600357576929985e-05,-0.21177051899987262,0.12140991701046971,0.17351628289276816,-0.04826483000640768,1.0,-0.16248417674383073,-0.04029890733973985,-0.04029890733973985
Tdewpoint,0.043719717589452485,-0.11318387146009432,0.6648285938669704,0.6833746525567241,0.7172847530679302,0.5955567598913255,0.7189054689173727,0.4320458565748187,0.5781924833521195,0.6199256516069891,0.653903000472046,0.12093312873265359,0.8989668862357912,-0.33724801366437424,0.5178800439023185,0.6742139286184704,0.44906519389041444,0.5633540696706449,0.6222614721662815,0.6139876072145507,0.9021382620681067,-0.23770595009078305,-0.04411809551715097,0.13898951005454063,-0.16248417674383073,1.0,-0.07104957228572976,-0.07104957228572976
rv1,-0.039379014961352134,0.07055787269659412,-0.03944715531998456,-0.029945082082626695,-0.09157906063880046,0.019187103538456502,-0.04997560603575817,-0.047939682267711926,-0.019782454823240717,-0.03451571026148486,-0.04654447603595579,-0.08190455098492093,-0.143153566592169,0.055250702863336644,0.0021392701601912257,-0.04285866841825039,-0.0038336713802742933,-0.05904648852728239,-0.010122594982052075,-0.08915093822961435,-0.14856159106711847,0.019489567795713925,0.1841518594010771,-0.12638287989584726,-0.04029890733973985,-0.07104957228572976,1.0,1.0
rv2,-0.039379014961352134,0.07055787269659412,-0.03944715531998456,-0.029945082082626695,-0.09157906063880046,0.019187103538456502,-0.04997560603575817,-0.047939682267711926,-0.019782454823240717,-0.03451571026148486,-0.04654447603595579,-0.08190455098492093,-0.143153566592169,0.055250702863336644,0.0021392701601912257,-0.04285866841825039,-0.0038336713802742933,-0.05904648852728239,-0.010122594982052075,-0.08915093822961435,-0.14856159106711847,0.019489567795713925,0.1841518594010771,-0.12638287989584726,-0.04029890733973985,-0.07104957228572976,1.0,1.0
